 *    date      time
  20101113      1900
  20101114      2000
  20101124      1700
  20110422      1730
  20110505      2100
  20110510      2000
  20110514      2100
  20110515      1630
  20110520      2000
  20110523      2000
  20110523      1700
  20110524      1800
  20110525      1800
  20110527      2000
  20110528      1800
  20110530      1800
  20110601      1900
  20110611      1930
  20110618      2130
  20110701      2200
  20110711      2000
  20110717      1730
  20110718      1900
  20110719      1930
  20110720      2100
  20110721      2000
  20110722      2000
  20110723      1900
  20110724      1900
  20110729      1830
  20110810      1630
  20110812      2100
  20110813      2100
  20110814      2100
  20110815      2000
  20110902      1830
  20110909      2000
  20110917      2100
  20110918      2000
  20111007      2000
  20111019      2000
  20120111      2000
  20120131      1630
  20120204      2000
  20120210      1630
  20120210      2000
  20120306      2100
  20120307      1900
  20120314      1630
  20120315      2030
  20120323      2000
  20120328      1930
  20120331      1800
  20120404      2000
  20120409      2000
  20120413      1730
  20120419      2000
  20120420      2000
  20120430      2030
  20120502      2000
  20120509      1930
  20120513      2200
  20120519      2000
  20120610      1959
  20120613      1930
  20120616      1900
  20120619      2230
  20120620      1900
  20120702      1946
  20120703      1927
  20120704      1930
  20120705      1849
  20120706      1800
  20120709      1915
  20120710      1900
  20120712      1959
  20120713      1940
  20120716      1830
  20120717      2100
  20120718      1946
  20120723      1952
  20120724      2100
  20120819      2000
  20120821      1730
  20120831      2200
  20120901      2100
  20120906      2200
  20120917      1902
  20120926      1933
  20121017      2100
  20121206      1900
  20130301      2000
  20130325      2200
  20130325      1700
  20130329      2100
  20130329      1700
  20130404      1700
  20130407      1800
  20130408      2000
  20130408      1700
  20130414      1730
  20130421      2200
  20130422      2030
  20130501      1600
  20130506      1930
  20130510      2000
  20130519      1700
  20130519      1929
  20130525      1914
  20130526      2000
  20130527      1900
  20130528      2000
  20130529      1700
  20130531      2000
  20130604      2000
  20130605      1910
  20130606      1900
  20130616      1900
  20130617      2000
  20130618      2006
  20130619      1830
  20130624      2100
  20130625      2100
  20130630      1830
  20130701      1800
  20130702      1700
  20130708      1900
  20130709      2000
  20130716      1941
  20130717      2100
  20130717      1700
  20130718      1904
  20130719      1930
  20130720      2006
  20130722      1929
  20130723      1900
  20130724      2200
  20130726      1954
  20130728      1917
  20130731      2000
  20130808      2030
  20130809      2100
  20130810      2100
  20130812      1935
  20130813      1917
  20130815      2100
  20130816      1930
  20130817      1942
  20130819      2100
  20130822      1830
  20130823      2030
  20130825      2030
  20130826      1900
  20130827      1900
  20130828      2000
  20130829      2100
  20130905      1900
  20130908      1930
  20130909      1800
  20130910      1830
  20130911      2000
  20130927      1700
  20130927      2000
  20131002      2000
  20131003      1630
  20131126      1900
  20131219      1900
  20140220      1900
  20140312      2004
  20140324      1930
  20140402      2011
  20140413      1700
  20140424      1800
  *20140428      2025  precipitation
  20140430      1947
  20140501      1928
  20140508      2038
  20140513      1800
  *20140514      2025	precipitation
  20140522      1935
  20140523      1917
  20140524      2038
  20140527      1942
  20140528      1923
  20140529      1904
  20140531      2007
  20140601      1948
  20140602      1929
  20140603      1911
  20140604      2032
  20140607      1700
  20140608      1917
  20140609      2039
  20140610      2020
  20140614      1900
  20140616      2007
  20140617      1948
  20140618      1930
  20140619      1910
  20140621      2014
  20140625      2100
  20140626      2020
  20140627      2001
  20140629      1923
  20140704      1930
  20140712      2020
  20140714      1943
  20140718      2007
  20140719      1949
