          *date       Overpass      wb_1st_00      wb_1st_01      wb_1st_05      wb_2nd_00      wb_2nd_01      wb_2nd_05     percent_cb           wwml          wwmax      max_wskew          wstar        wspd_cb   max_duration  mean_duration        num_cld     num_cld_30 min_ww_percent   LCL_mean_met      Hcb_vceil
       20101113           1900         0.4940         0.6000         1.0150         0.9560         0.9710         1.1970        87.4750         0.5190         0.7100         0.8417         1.4863         3.8130      2548.0000      1254.0000         4.0000         4.0000        93.7394         0.8960         0.9010
       20101114           2000         1.2570         1.2880         1.3980         1.6080         1.6090         1.6440         0.8940         0.6000         0.9110         2.3615         1.2863         0.9870      1078.0000       286.1667        12.0000         6.0000        63.0221         1.6790         1.5610
       20101124           1700         0.2910         0.3630         0.7080         0.5230         0.5390         0.9130        86.9660         0.5580         2.3580         4.5703      -999.0000           -NaN      2481.0000      1178.0000         4.0000         4.0000        84.6688         0.4120         5.5410
       20110422           1730         0.6630         0.7730         1.2010         1.2810         1.2930         1.4940        31.8980         0.9900         1.1460         0.7749         1.9620        22.8000       334.0000        66.6250        32.0000        16.0000        98.8314         1.2010         0.9030
       20110505           2100         0.9390         1.0380         1.4240         1.7960         1.8040         1.9610        37.5970         1.9800         3.0270         2.0245         2.5812         0.2470       422.0000       126.0000        20.0000        16.0000        43.8853         2.6130         2.4780
       20110510           2000         0.5640         0.6520         1.0520         1.0740         1.0860         1.3150        44.0530         0.9310         1.1670         1.0325         1.6689         8.6890      1302.0000       252.8182        11.0000         4.0000        93.2805         1.4290         1.2600
       20110514           2100         0.8760         0.9780         1.3600         1.6180         1.6270         1.7840         7.4770         1.4810         2.1360         1.4837         2.5194        11.7240        87.0000        27.4444        18.0000         6.0000        76.2430         2.0200         1.8400
       20110515           1630         1.1050         1.2040         1.5260         1.8930         1.8990         2.0050        10.7640         1.6080         2.0760         2.1771         2.3896         2.0510        94.0000        33.3500        20.0000         9.0000        44.7429         1.5830         1.3080
       20110520           2000         0.4440         0.5280         0.8710         0.7560         0.7680         0.9690        62.4370         0.2300         0.2220         0.6971         0.8745         6.3010      2570.0000      1713.3334         3.0000         3.0000        93.2095         0.4380         0.4510
       20110523           2000         0.7500         0.8370         1.2070         1.3990         1.4080         1.5890        28.2920         0.8600         1.0840         1.1065         1.3813         6.9340       376.0000       131.3500        20.0000        13.0000        93.3320         1.3200         1.3010
       20110523           1700         0.8250         0.9060         1.2180         1.3800         1.3860         1.5220        48.4250         0.9510         1.1460         0.8764         1.2692         5.9300       894.0000       273.6923        13.0000        10.0000        90.7394         1.0110         0.9790
       20110524           1800         0.9400         1.0210         1.3430         1.6200         1.6260         1.7540        35.4760         1.3360         1.5880         0.6669         1.7345        14.4510       464.0000        68.3939        33.0000        20.0000        93.3073         1.0250         0.8480
       20110525           1800         0.9440         1.0290         1.3820         1.6550         1.6610         1.7990        45.2890         1.2910         1.7160         0.7551         2.0389        10.3430      1046.0000       189.0000        17.0000        13.0000        93.1847         1.4970         1.4810
       20110527           2000         0.9290         1.0150         1.3890         1.7060         1.7140         1.8680        45.6540         1.4090         1.7330         1.1353         1.7259         6.7230       584.0000       215.8235        17.0000        15.0000        93.3245         1.2930         1.2140
       20110528           1800         0.3490         0.4380         0.8450         0.6590         0.6760         0.9690        78.5830         0.4010         0.5360         0.6842         1.4986         4.1320      1284.0000       531.1111         9.0000         6.0000        93.3666         1.0140         1.0500
       20110530           1800         0.5740         0.6580         0.9990         0.9910         1.0010         1.1830        88.3520         0.7360         0.8070         0.2013         1.1625        20.5800      2573.0000      1715.3334         3.0000         3.0000        93.2974         1.1130         1.1660
       20110601           1900         1.0590         1.2250         1.7140         2.1750         2.1880         2.3380        31.1830         1.6450         2.0100         1.5879         2.1634         8.8650      1208.0000       165.1667        18.0000        13.0000        93.3019         1.7920         1.5980
       20110611           1930         0.6850         0.7540         1.0740         1.1620         1.1680         1.3330         3.3560         1.0810         1.4060         1.0471         2.1943         0.4970       118.0000        48.2000         5.0000         3.0000        92.7707         1.7810         1.4730
       20110618           2130         1.1050         1.1710         1.4590         1.7960         1.8000         1.9040        21.9870         0.7550         1.0240         1.0045         1.9275         4.4320       474.0000       104.8824        17.0000        11.0000        88.9170         2.2360         2.1400
       20110701           2200         0.4650         0.5560         0.9410         0.8380         0.8530         1.0760         5.2780         1.7230         2.7500         2.3482         2.7889           -NaN       110.0000        39.6000        10.0000         5.0000        17.2658         3.6580         3.1160
       20110711           2000         0.8470         0.9460         1.3610         1.7630         1.7710         1.9680         7.4390         2.2200         3.8570         2.4797         3.2220           -NaN       137.0000        37.7333        15.0000         9.0000        18.0613         3.5290         2.8760
       20110717           1730         1.1120         1.2030         1.5970         2.1570         2.1630         2.3150        25.6590         2.0170         2.7860         1.5203         2.6920           -NaN       389.0000       125.4667        15.0000        10.0000        83.0381         2.7010         1.9980
       20110718           1900         1.0050         1.0920         1.4040         1.6830         1.6890         1.8010        16.4030         1.6500         2.5910         1.2446         2.9028           -NaN       243.0000       115.5455        11.0000         7.0000        50.7490         2.9960         2.4170
       20110719           1930         0.8920         1.0290         1.5800         2.1400         2.1540         2.4000        29.4120         1.1970         1.9250         1.7588         3.0458           -NaN       403.0000       123.2941        17.0000        12.0000        31.5800         3.0420         2.4850
       20110720           2100         0.8180         0.9370         1.4570         1.7420         1.7540         1.9770        14.5080         2.0220         3.2130         2.0004         3.0597           -NaN       234.0000        50.3333        21.0000        12.0000        61.1243         3.2040         2.6330
       20110721           2000         1.0310         1.1670         1.7040         2.6720         2.6850         2.9340        17.5610         2.1550         3.3210         1.9539         2.9612           -NaN       162.0000        55.4167        24.0000        16.0000        37.4368         3.2080         2.6650
       20110722           2000         0.9910         1.0710         1.3700         1.5640         1.5690         1.6740        17.5730         2.0050         3.4620         2.5651         2.9313           -NaN      1432.0000       215.6364        11.0000         6.0000        30.8253         3.4070         2.8630
       20110723           1900         1.1330         1.2210         1.5610         2.0220         2.0270         2.1510        11.8720         2.3200         4.2570         1.8592         3.2039           -NaN       218.0000        77.5455        11.0000         8.0000        42.4879         3.2010         2.5900
       20110724           1900         1.2120         1.3430         1.8050         2.2300         2.2360         2.3780        13.4600         1.2390         2.0230         2.1104         2.9377           -NaN       514.0000        67.6111        18.0000         9.0000        19.4042         3.4470         2.8110
       20110729           1830         0.8320         0.9610         1.5410         2.3460         2.3630         2.6870        14.6870         2.1520         3.1130         2.1469         3.0070           -NaN       364.0000        52.1739        23.0000         7.0000        37.8121         3.4010         2.7800
       20110810           1630         0.7620         0.8330         1.1190         1.1960         1.2020         1.3250        11.0400         0.4880         0.4880         0.7518         1.4245        11.1420       213.0000        32.6512        43.0000        12.0000        92.3578         0.6550         0.4080
       20110812           2100         0.7800         0.8630         1.1810         1.3150         1.3220         1.4570        19.4790         1.4430         2.2690         1.4226         2.0623         6.3860       676.0000       147.7500        12.0000         8.0000        87.0027         1.7810         1.7950
       20110813           2100         1.4460         1.4930         1.6610         1.9830         1.9850         2.0290        10.0380         0.8630         1.2010         1.8752         1.9181         3.9260       218.0000       147.4000         5.0000         4.0000        90.7130         1.6870         1.3820
       20110814           2100         1.1970         1.2800         1.4910         1.6670         1.6720         1.7260         9.3510         0.7890         1.3310         1.3527         2.1317         4.2430       432.0000        98.7143         7.0000         4.0000        89.8578         1.9220         1.6520
       20110815           2000         1.1610         1.2530         1.5670         1.9650         1.9710         2.0760        11.3520         1.2730         1.8940         1.7776         2.2565         5.3110       161.0000        58.4706        17.0000         9.0000        76.0953         2.6110         2.1400
       20110902           1830         0.9330         1.0350         1.4540         2.0100         2.0190         2.2160        14.0480         2.3480         3.6620         3.2693         2.5271           -NaN       315.0000        93.1818        11.0000         6.0000        54.5041         3.1910         2.7330
       20110909           2000         1.0690         1.1650         1.5180         1.8980         1.9050         2.0320        25.3320         1.6320         2.5890         1.4311         2.4109         6.7910      1040.0000       167.0714        14.0000        12.0000        90.4289         2.4020         2.0790
       20110917           2100         0.9960         1.0530         1.3040         1.5340         1.5370         1.6340        59.6460         0.9480         1.0940         0.6268         1.5440        10.2810      2286.0000       363.2500        12.0000         8.0000        93.2784         1.5900         1.4620
       20110918           2000         0.5160         0.5990         0.9610         0.9130         0.9240         1.1360        47.6010         0.4430         0.5700         0.7518         1.6465         7.2120       495.0000       134.4000        25.0000        17.0000        93.2448         1.1230         0.8680
       20111007           2000         0.7260         0.7840         1.0420         1.0930         1.0980         1.2210        67.0770         0.9680         1.4040         0.6537         1.9851        14.5080      1519.0000       348.0833        12.0000         6.0000        93.3661         1.5100         1.3850
       20111019           2000         0.8990         0.9740         1.2610         1.4950         1.5010         1.6200         5.4120         1.6380         2.5450         1.9383         2.4898        10.8080       112.0000        32.9091        11.0000         4.0000        64.6905         2.0910         1.9250
       20120111           2000         0.4450         0.5540         1.0280         0.9450         0.9640         1.2560        93.0270         0.5940         0.6630         0.9326         1.4080        16.6830      2578.0000      1713.0000         3.0000         3.0000        93.0887         0.8540         0.8320
       20120131           1630         0.6300         0.7220         1.1480         1.1660         1.1770         1.3870        44.9740         0.3240         0.3860         0.8962         0.9731         9.2800      1370.0000       181.9333        15.0000         8.0000        92.1842         0.7760         0.7110
       20120204           2000         0.4920         0.5770         0.9310         0.8770         0.8890         1.1000        59.6860         0.5000         0.5140         0.6084         1.3444        11.5580      2628.0000      1285.5000         4.0000         3.0000        93.5366         0.5740         0.6220
       20120210           1630         0.8700         0.9660         1.3410         1.5590         1.5670         1.7220        54.5090         0.8920         0.9700         1.2247         1.4367        12.8990      1279.0000       207.2667        15.0000         7.0000        93.7829         0.4600         0.7600
       20120210           2000         0.5770         0.6600         1.0120         1.0070         1.0170         1.2100        71.9030         0.7240         0.7840         0.7899         1.4853        12.4430      2644.0000       592.8571         7.0000         6.0000        93.4811         0.6800         0.7200
       20120306           2100         0.9050         0.9570         1.2130         1.3670         1.3710         1.4750         9.0050         1.0100         1.2040         1.0985         1.4909        18.8930       138.0000        26.0435        23.0000         5.0000        93.2209         1.3480         1.2130
       20120307           1900         0.8320         0.9030         1.2170         1.3350         1.3410         1.4700        13.3180         0.9260         1.1620         0.9425         1.1630        20.8040       166.0000        36.8182        22.0000         7.0000        93.2499         1.0730         0.9470
       20120314           1630         0.8110         0.8760         1.1550         1.2590         1.2650         1.3840        60.7670         0.5900         0.5370         0.2983         0.7965        13.4360      2251.0000       544.5000         8.0000         8.0000        90.9674         0.5910         0.4980
       20120315           2030         0.6680         0.7450         1.0550         1.0900         1.0980         1.2460        35.0200         0.6300         0.7760         0.5738      -999.0000        12.2660       217.0000        61.3714        35.0000        23.0000        93.3248         1.1320         1.0250
       20120323           2000         0.6720         0.7480         1.1490         1.1900         1.1990         1.3840        11.7050         0.5790         0.8330         1.0143         1.7903         4.5040       106.0000        39.5909        22.0000        10.0000        89.2725         1.0980         0.9470
       20120328           1930         0.8190         0.9070         1.1860         1.2840         1.2910         1.4040        10.1370         0.7270         0.8440         0.7877      -999.0000         8.9980       100.0000        41.6875        16.0000        10.0000        93.2312         1.2650         1.0860
       20120331           1800         0.6490         0.7450         1.1300         1.1790         1.1890         1.3690        13.1430         0.8500         0.9640         1.1583         1.1554         4.3750       146.0000        48.5000        20.0000        11.0000        93.1491         1.2280         0.9140
       20120404           2000         0.7660         0.8620         1.2410         1.3660         1.3740         1.5410        61.8610         0.7180         0.8310         1.0801         1.3820         6.5620       654.0000       188.5789        19.0000        16.0000        93.1904         0.8500         0.9160
       20120409           2000         0.6540         0.7460         1.1670         1.2550         1.2660         1.4840        38.3260         0.7650         0.9140         1.2027         1.4777         5.6490      1318.0000       182.0769        13.0000        10.0000        93.2147         1.1460         1.0620
       20120413           1730         0.8250         0.8980         1.1990         1.3600         1.3660         1.4970        24.6970         0.7360         0.8670         0.7696           -NaN         6.9100       244.0000        52.0000        31.0000        17.0000        93.1908           -NaN         0.8600
       20120419           2000         0.5330         0.5950         0.9170         0.8710         0.8780         1.0710        17.4140         0.7250         1.0060         0.7724         1.2004        11.4640       397.0000        65.8824        17.0000        10.0000        93.1913         1.4500         1.4500
       20120420           2000         0.8370         0.9250         1.2780         1.5050         1.5130         1.6680        51.4430         0.9120         1.1570         0.9949         1.9818         7.8700       835.0000       147.3636        22.0000        16.0000        93.2073         1.1580         1.0450
       20120430           2030         0.8250         0.9060         1.2370         1.3970         1.4040         1.5420        33.2880         0.8490         1.1400         1.3852         1.3573         5.9510       299.0000        75.9259        27.0000        16.0000        93.2050         0.9720         0.9480
       20120502           2000         0.8060         0.8870         1.2170         1.3660         1.3730         1.5160        44.5990         0.7360         0.8530         0.9824         1.6462        12.9620      1172.0000       100.4444        27.0000        17.0000        93.1038         1.0920         0.9770
       20120509           1930         0.9230         1.0100         1.4250         1.5700         1.5760         1.7220         4.9090         1.4270         1.9280         1.6020         2.3602         3.3060        84.0000        48.1429         7.0000         5.0000        68.6280         2.2200         2.1960
       20120513           2200         1.2860         1.3750         1.6970         2.0600         2.0650         2.1540        35.5380         1.2840         1.8080         1.1441         1.8030         2.9410       768.0000       290.5555         9.0000         7.0000        91.6627         1.9890         1.8800
       20120519           2000         0.8260         0.9060         1.2410         1.4620         1.4700         1.6240        37.0720         1.2980         1.6660         0.9931         2.3819        14.2890       708.0000        95.6800        25.0000        16.0000        93.1687         1.7510         1.5150
       20120610           1959         0.9240         1.0050         1.3490         1.6010         1.6080         1.7480        21.4640         1.3490         1.7510         1.0377         2.6671         9.3510       324.0000        60.0800        25.0000        12.0000        93.2889         2.0170         1.5530
       20120613           1930         0.7370         0.8130         1.1340         1.2220         1.2280         1.3790         4.0280         1.7470         2.6000         1.2061         2.8945         1.0140       122.0000        36.7500         8.0000         5.0000        63.5984         2.1920         1.6790
       20120616           1900         0.8540         0.9390         1.2680         1.4350         1.4420         1.5770        20.0560         1.0730         1.3520         0.9235         2.1446         5.0210       272.0000        73.1667        18.0000        12.0000        93.1245         1.3650         1.0500
       20120619           2230         1.0490         1.1160         1.4140         1.7460         1.7500         1.8590         6.8680         1.8040         2.5820         1.1940         2.3384        18.9510        60.0000        23.8947        19.0000         5.0000        90.4386         2.0610         1.6540
       20120620           1900         0.7550         0.8610         1.3360         1.5690         1.5810         1.8110        50.4220         1.2850         1.6940         1.1410         2.4708        13.6500       909.0000       138.4091        22.0000        12.0000        93.2179         1.7210         1.2520
       20120702           1946         1.1840         1.2850         1.6660         2.1000         2.1060         2.2270        24.3020         2.3160         3.3750         1.3956         2.8025         8.9820       314.0000        85.2273        22.0000        17.0000        92.1206         2.4680         1.8440
       20120703           1927         1.3920         1.4730         1.7780         2.3310         2.3340         2.4230         9.1630         1.8060         2.7080         2.2042         2.9557         8.3650       174.0000        61.0000        10.0000         5.0000        89.9896         2.6200         2.0430
       20120704           1930         1.2500         1.3320         1.6360         1.9970         2.0020         2.0930        16.0820         2.6060         3.4210         1.9557         2.9336         2.8100       152.0000        62.5000        18.0000        13.0000        78.2902         2.8440         2.2230
       20120705           1849         1.4420         1.5540         1.9730         2.7090         2.7150         2.8360        22.0230         1.9430         2.6960         1.9245         2.9793         6.2810       307.0000       107.6000        15.0000        11.0000        78.9016         2.8790         2.2110
       20120706           1800         1.7660         1.8550         2.2460         3.2220         3.2250         3.3250         5.0850         2.0610         2.9470         2.6068         3.1417         7.4370       192.0000        58.3333         6.0000         2.0000        43.1361         3.2970         2.5960
       20120709           1915         1.1030         1.2070         1.5510         1.9230         1.9290         2.0430        13.2070         1.3160         1.6500         1.6551         2.4371         5.0440       517.0000       112.0000        10.0000         8.0000        93.3108         2.2300         1.6410
       20120710           1900         1.0710         1.1740         1.6490         2.1840         2.1930         2.3890         9.4400         1.5450         2.2680         1.8969         2.8305         2.8800       335.0000       118.8462        13.0000         8.0000        77.2240         2.7410         2.2920
       20120712           1959         0.9180         1.0150         1.3870         1.5660         1.5740         1.7080        16.2400         1.7480         2.6040         2.0717         2.7624         0.9390       423.0000       116.0000        10.0000         9.0000        48.8342         3.1910         2.7120
       20120713           1940         1.0290         1.1290         1.4920         1.7120         1.7190         1.8390         6.6960         1.8580         3.1980         1.9204         2.5486         0.6610       471.0000       124.9286        14.0000        10.0000        48.2296         3.2010         2.7280
       20120716           1830         1.8570         1.9500         2.3510         3.1570         3.1600         3.2540         2.6720         1.6570         2.3220         1.9311         2.8211         0.5160        92.0000        38.2000         5.0000         2.0000        76.9521         2.5760         1.7800
       20120717           2100         1.3230         1.4160         1.7520         2.2990         2.3040         2.4060        10.5040         2.1150         3.0000         2.8855         2.9178           -NaN       204.0000        64.3333        12.0000         6.0000        53.6504         3.2470         2.6500
       20120718           1946         1.4520         1.5720         1.9950         2.7800         2.7860         2.9030        18.2530         2.3860         3.7560         2.5399         2.9747           -NaN       314.0000        80.8125        16.0000        12.0000        32.4621         3.4260         2.8080
       20120723           1952         1.9900         2.1360         2.6290         3.3090         3.3150         3.4050         8.1950         2.2160         2.7020         2.0123         3.0604         6.4870       162.0000        76.0000         8.0000         6.0000        22.0400         3.1660         2.5400
       20120724           2100         0.7060         0.8020         1.1530         1.2420         1.2510         1.4120        14.1420         1.6650         2.9200         1.2977         3.0153        12.1620       221.0000        65.8000        15.0000        11.0000        56.7205         3.1120         2.5560
       20120819           2000         1.1170         1.2120         1.5920         1.8880         1.8940         2.0130        17.9450         1.6260         2.2400         1.1887         2.4336         5.6360       203.0000        78.2778        18.0000        14.0000        92.4140         2.2330         1.7240
       20120821           1730         2.2200         2.3200         2.6350         3.1310         3.1340         3.1830         6.4200         1.3840         1.9940         1.6936         2.7854           -NaN       318.0000        65.8571         7.0000         2.0000        52.1903         2.4290         2.1680
       20120831           2200         1.2740         1.3820         1.7860         2.3060         2.3130         2.4280        10.8320         1.0190         1.5420         1.7198         2.1027           -NaN       215.0000        52.1765        17.0000         8.0000        72.0361         2.3530         1.8960
       20120901           2100         0.8110         0.8690         1.1060         1.2150         1.2200         1.3150         1.1500         2.3990         3.6930         2.0562         2.6199           -NaN        61.0000        18.2000         5.0000         1.0000        47.1538         3.1720         2.6510
       20120906           2200         0.6700         0.7530         1.1170         1.1940         1.2030         1.3880         6.2780         1.4520         2.4570         1.2107         2.5771         2.0270       238.0000        61.7500         8.0000         4.0000        22.7134         3.1730         2.7420
       20120917           1902         0.9840         1.0690         1.4200         1.5570         1.5630         1.6800         6.9110         0.9270         1.5320         1.3514         2.4018         2.6810       161.0000       115.7500         4.0000         4.0000        83.3512         1.7200         1.4460
       20120926           1933         0.5870         0.6870         1.0910         1.2080         1.2220         1.4580        43.0130         1.0540         1.2810         1.4793         1.9346         2.6660       610.0000       211.6154        13.0000        12.0000        93.3827         1.6510         1.2290
       20121017           2100         1.2170         1.2840         1.5190         1.9990         2.0040         2.0830        11.8500         2.1040         2.8710         2.3006         2.5787        10.6770       391.0000        68.8182        11.0000         4.0000        69.0372         2.9300         2.5540
       20121206           1900         0.5750         0.6480         0.9650         0.9380         0.9460         1.1210        23.7630         0.9540         1.0620         0.7759         1.7706         6.0890       588.0000        99.0526        19.0000         8.0000        93.2600         1.4130         0.9790
       20130301           2000         0.5250         0.6360         1.0860         1.0630         1.0800         1.3230        80.6380         0.6380         0.7020         0.8884         1.5880         9.9390       629.0000       430.8182        11.0000        11.0000        91.2612         0.7900         0.7580
       20130325           2200         1.0890         1.2080         1.6650         2.1240         2.1330         2.2920        67.5460         1.7370         2.0880         1.0022         2.2442        11.1210       642.0000       563.7778         9.0000         9.0000        93.4383         1.7340         1.6620
       20130325           1700         0.8670         0.9570         1.3370         1.5420         1.5490         1.7080        33.1850         1.6350         2.6220         1.3641         2.3044        12.2110       337.0000        81.9167        24.0000        17.0000        91.1451         1.1930         1.1010
       20130329           2100         0.7520         0.8470         1.1950         1.3000         1.3090         1.4600        34.4060         0.8500         1.0140         0.8668         1.7107         7.1850       451.0000        63.7188        32.0000        18.0000        90.9170         1.3490         1.1160
       20130329           1700         0.7400         0.8330         1.3290         1.6130         1.6240         1.8970        45.0500         0.8920         0.8700         1.4027         1.4753         3.4160       643.0000       172.5217        23.0000        15.0000        93.4475         0.8000         0.5410
       20130404           1700         0.7820         0.9060         1.3360         1.4980         1.5100         1.6860        47.1190         0.6360         0.6720         0.9989         1.3906         4.2690       650.0000       269.2000        15.0000        12.0000        93.6271         0.7630         0.6880
       20130407           1800         0.3560         0.4440         0.8700         0.6990         0.7170         1.0380        91.6530         0.2670         0.2740         1.2194         1.0013         8.6730       650.0000       565.0000         9.0000         9.0000        93.4172         0.5810         0.5290
       20130408           2000         0.5910         0.6650         0.9860         0.9590         0.9670         1.1330        50.0910         0.6850         0.7950         0.8475         1.4657        11.8860       556.0000       113.8000        25.0000        18.0000        90.8022         1.1080         1.0740
       20130408           1700         0.4330         0.5100         0.8590         0.7440         0.7560         0.9860        60.6820         0.2870         0.3030         0.4123         1.1540        11.5570       650.0000       403.4167        12.0000         9.0000        93.4404         0.5390         0.5340
       20130414           1730         0.8350         0.9060         1.1720         1.2980         1.3030         1.4140        63.3890         0.8180         0.9230         0.4930         1.4119        11.9870       649.0000       243.6667        18.0000        11.0000        93.5568         1.2580         1.1790
       20130421           2200         0.7540         0.8190         1.1040         1.1810         1.1870         1.3150        12.7370         1.1590         1.4720         0.9878         1.6235         9.4980       209.0000        67.0000        13.0000         6.0000        93.5288         2.1130         2.0020
       20130422           2030         0.7170         0.8040         1.2240         1.3920         1.4010         1.6150        49.6740         0.9040         1.0190         0.8950         1.6634        15.5170       565.0000       128.4348        23.0000        16.0000        91.0744         1.4600         1.3680
       20130501           1600         0.5530         0.6220         0.9230         0.8720         0.8800         1.0440        27.6480         0.4050         0.4150         0.5308         1.0991         8.4540       289.0000        60.4194        31.0000        16.0000        93.4542         0.7580         0.5780
       20130506           1930         0.6330         0.7240         1.1800         1.3760         1.3880         1.6590        80.2010         1.1320         1.3400         1.0411         1.7688         2.7620       640.0000       384.5833        12.0000         9.0000        93.4419         1.2720         1.0890
       20130510           2000         0.8740         0.9590         1.3010         1.5270         1.5330         1.6790        28.5900         0.7770         0.8810         0.8398         1.7845         6.6910       306.0000        87.0870        23.0000        19.0000        93.1752         1.2230         1.0290
       20130519           1700         0.7560         0.8390         1.1570         1.2570         1.2650         1.4050        52.2540         0.8040         0.8590         0.3446         1.2651        15.1230       577.0000       163.2174        23.0000        18.0000        93.3898         0.7990         0.7990
       20130519           1929         0.7990         0.8690         1.1730         1.3540         1.3600         1.5020        24.3860         0.7260         0.8870         0.6507         1.5317        16.5520       317.0000        61.7692        26.0000        16.0000        93.4541         1.1490         1.1540
       20130525           1914         0.9010         0.9900         1.3230         1.6480         1.6560         1.8000        24.8990         0.9640         1.1580         1.2797         1.5939        11.0920       575.0000       181.7500        16.0000        12.0000        93.5310         1.0140         0.9810
       20130526           2000         0.6130         0.7060         1.0910         1.1270         1.1380         1.3350        38.5320         0.6390         0.6930         0.6934         1.5212        14.6980       401.0000        75.5789        38.0000        21.0000        93.4599         0.8540         0.7760
       20130527           1900         0.8930         0.9740         1.3190         1.5390         1.5460         1.6890        63.8390         1.1330         1.2660         0.7973         1.6420        14.6980       614.0000       138.5185        27.0000        17.0000        93.4970         0.9100         0.8410
       20130528           2000         0.7080         0.7750         1.0590         1.1010         1.1080         1.2380        90.9270         0.4400         0.4800         0.5322         1.0421        16.1510       643.0000       561.1111         9.0000         9.0000        93.4458         0.9320         0.9930
       20130529           1700         0.6820         0.7550         1.0620         1.1140         1.1210         1.2720        68.7090         0.5920         0.6140         0.3474         1.4252        17.7340       649.0000       568.4445         9.0000         9.0000        93.4276         0.7740         0.7380
       20130531           2000         0.4500         0.5360         0.8740         0.7650         0.7780         0.9770        58.5840         0.2560         0.3150         0.8895         1.0627         6.2330       547.0000       193.5714        21.0000        17.0000        93.4273         1.2910         1.1760
       20130604           2000         0.6160         0.7100         1.0580         1.0960         1.1070         1.2830        38.7620         0.6120         0.8120         0.5826         1.8365         6.2910       542.0000       124.8889        27.0000        16.0000        93.4632         1.0640         1.0380
       20130605           1910         0.6780         0.7910         1.2320         1.3830         1.3960         1.6140        37.6370         0.7620         1.0250         1.4889         1.6052         2.3720       648.0000       116.0000        22.0000        10.0000        92.4823         1.0340         0.9370
       20130606           1900         0.9610         1.0490         1.3860         1.6420         1.6480         1.7740        28.3260         1.3770         1.7960         1.9085         1.9304         5.9410       267.0000        71.8400        25.0000        14.0000        84.3539         1.8090         1.8400
       20130616           1900         1.5970         1.6860         2.0120         2.5220         2.5250         2.5990        17.6890         1.7590         2.3860         1.3361         2.8116         2.7560       386.0000       119.4545        11.0000         6.0000        59.6067         2.0950         1.7490
       20130617           2000         0.8740         0.9480         1.2460         1.4340         1.4390         1.5630        16.2180         0.8440         1.1530         1.2328         1.7905         5.1460       598.0000        69.6923        26.0000        13.0000        93.8716         1.0400         0.9030
       20130618           2006         0.5520         0.6460         1.0400         1.0810         1.0930         1.3330        19.2520         0.7980         1.2900         1.1770         2.5211         1.3240       256.0000        86.8000        15.0000        10.0000        73.9777         1.8080         1.6760
       20130619           1830         0.9650         1.0430         1.3540         1.6410         1.6460         1.7670        35.6830         1.0660         1.4180         1.1656         2.1449         9.1190       275.0000        72.2727        33.0000        20.0000        93.2158         1.3310         1.1760
       20130624           2100         0.9880         1.0420         1.2830         1.4220         1.4250         1.5120         4.2230         1.4330         1.9960         0.8305         2.4029        12.7280        47.0000        18.7857        14.0000         4.0000        86.0176         1.8110         1.4960
       20130625           2100         0.9270         1.0030         1.2780         1.4400         1.4450         1.5510        13.8730         1.3950         1.8410         0.8330         2.2465        14.8750       198.0000        44.1500        20.0000         7.0000        93.1605         1.6480         1.4340
       20130630           1830         1.0780         1.1990         1.5760         1.8810         1.8880         2.0050        13.7490         2.7730         4.2750         1.8074         2.5861           -NaN       121.0000        57.8750         8.0000         5.0000        48.6244         2.4040         2.0690
       20130701           1800         0.9750         1.0350         1.3170         1.6080         1.6130         1.7260        14.4430         1.7570         2.3890         0.7781         2.3862           -NaN       269.0000       116.7778         9.0000         8.0000        37.3507         2.3820         2.0830
       20130702           1700         1.9760         2.0780         2.2790         3.1130         3.1170         3.1540         7.3680         1.7370         2.2120         2.5471         2.4657           -NaN       231.0000       124.2500         4.0000         3.0000        48.3617         2.4850         2.2190
       20130708           1900         1.3570         1.4850         1.9840         2.5060         2.5130         2.6530         6.7160         1.4850         2.1750         1.7989         2.6758           -NaN       127.0000        40.1667        12.0000         6.0000        53.5301         2.6000         1.9740
       20130709           2000         1.0380         1.1350         1.5700         2.0770         2.0850         2.2400         2.3720         1.5940         2.4900         3.1053         2.9809           -NaN        93.0000        43.7500         4.0000         2.0000        14.3790         3.1820         2.6760
       20130716           1941         1.1090         1.1970         1.5320         1.8330         1.8380         1.9480        19.6430         0.8740         1.1870         1.5236         2.1119         9.1690       298.0000        61.5000        22.0000        13.0000        86.9231         1.5710         1.3760
       20130717           2100         1.1800         1.3010         1.7730         2.1590         2.1660         2.3100        19.2320         0.8950         1.2070         1.5266      -999.0000         5.3970       273.0000        85.7059        17.0000        11.0000        91.3895         1.5090         1.3500
       20130717           1700         0.7180         0.7780         1.0650         1.1190         1.1250         1.2620        23.4160         0.4570         0.5500         0.9119      -999.0000         4.1110       607.0000       115.3750        24.0000        17.0000        93.5638         0.9820         0.7890
       20130718           1904         1.0860         1.1780         1.5150         1.7870         1.7930         1.9040        24.4280         1.0750         1.4700         1.1705         1.9657         7.9790       260.0000        80.4091        22.0000        15.0000        90.7591         1.5860         1.4160
       20130719           1930         0.9550         1.0400         1.3410         1.5380         1.5440         1.6520        10.1040         1.0570         1.6720         1.6154         1.9541           -NaN       289.0000        76.7778         9.0000         6.0000        55.7291         2.0330         1.9010
       20130720           2006         1.0320         1.1530         1.5960         1.9600         1.9690         2.1210        13.4090         0.9030         1.3410         1.8558         1.9419           -NaN       171.0000        54.4583        24.0000        13.0000        55.0759         2.1140         1.9810
       20130722           1929         0.8570         0.9300         1.2300         1.4110         1.4170         1.5460        37.7260         0.9250         1.4970         1.7254         1.4571         5.2810       608.0000       188.9333        15.0000        11.0000        71.5410         1.6250         1.8950
       20130723           1900         1.4990         1.5820         1.8970         2.4630         2.4670         2.5520        13.5000         1.5180         1.9660         1.9055         1.5038         4.5900       160.0000        61.2000        15.0000        11.0000        84.4581         1.9350         1.8640
       20130724           2200         0.8470         0.9370         1.3070         1.5050         1.5130         1.6710        22.6870         0.7070         0.8770         1.2038         1.3374         3.9020       499.0000       130.4167        12.0000         6.0000        93.2493         1.4740         1.2650
       20130726           1954         0.7280         0.8350         1.2360         1.3880         1.3990         1.5860        29.0690         0.8170         1.1720         1.3127         1.8002         9.1670       225.0000        72.0938        32.0000        23.0000        90.1417         1.2050         1.0990
       20130728           1917         0.7550         0.8470         1.1870         1.3260         1.3340         1.4890        37.2760         0.8990         1.0430         0.9496         1.7648         5.8560       455.0000       106.9583        24.0000        19.0000        93.4152         1.2880         1.1130
       20130731           2000         0.8500         0.9560         1.3250         1.4880         1.4970         1.6410        18.6470         0.6200         0.8060         1.3701         1.6615         4.2090       343.0000        83.6429        14.0000         9.0000        93.1265         1.3300         1.2370
       20130808           2030         0.6370         0.7090         1.0270         1.0670         1.0750         1.2500        41.1360         0.4720         0.5330         0.8832         1.3265         1.5700       601.0000       205.6154        13.0000        11.0000        93.2446         1.0540         0.9700
       20130809           2100         0.8380         0.9130         1.2020         1.3130         1.3190         1.4320        10.0950         0.5020         0.5640         1.0557         1.4123         5.0900       595.0000        60.2424        33.0000        16.0000        91.4660         0.7200         0.5710
       20130810           2100         0.6680         0.8170         1.2820         1.3500         1.3660         1.5580        30.4160         0.5920         0.7490         2.0177         1.5281         4.1260       300.0000       101.4211        19.0000        14.0000        93.4664         1.4030         1.3360
       20130812           1935         0.6210         0.7080         1.0700         1.0970         1.1070         1.2960         8.1490         0.5660         0.6730         0.7405         1.6112         5.2550       106.0000        27.3810        21.0000         5.0000        93.3398         0.7900         0.6680
       20130813           1917         0.7760         0.9960         1.7370         1.7920         1.8130         2.0310         3.8470         0.2900         0.2540         0.9837         1.1740         3.7600       637.0000       165.4444         9.0000         7.0000        88.4137         0.7690         0.4760
       20130815           2100         0.6180         0.7020         1.0890         1.0970         1.1070         1.2920        19.5470         0.5690         0.6880         1.0808         1.6300         4.1860       247.0000        77.7647        17.0000        10.0000        93.5041         1.0380         0.9200
       20130816           1930         0.7570         0.8710         1.2800         1.4020         1.4120         1.5850        60.3620         0.6780         0.8520         0.8759         1.4448         2.8470       628.0000       177.1429        21.0000        12.0000        93.5747         0.7300         0.6420
       20130817           1942         0.7050         0.7550         0.9900         1.0690         1.0730         1.1940         5.9220         0.4540         0.7170         1.2989         1.8639         2.7860       223.0000        76.8571         7.0000         4.0000        93.5324         1.2380         1.1740
       20130819           2100         0.9910         1.0760         1.3400         1.4800         1.4860         1.5720         4.2120         0.5780         0.7800         1.0874         1.8289         4.3580       134.0000        48.0000         6.0000         3.0000        92.4883         1.5160         1.3690
       20130822           1830         1.0540         1.1240         1.3810         1.5630         1.5670         1.6520         7.6420         1.2050         1.6350         1.1545         2.0827           -NaN        91.0000        40.0769        13.0000         8.0000        63.6587         1.9170         1.8220
       20130823           2030         1.1070         1.1720         1.4630         1.6860         1.6900         1.7870         3.5180         1.1770         1.7030         1.5108         2.4089           -NaN       206.0000        53.2000         5.0000         2.0000        43.6617         2.3820         2.1330
       20130825           2030         1.3260         1.4210         1.7180         2.1560         2.1610         2.2420         8.3610         0.9130         1.2700         2.6767         2.3492         2.8270       306.0000       120.0000         5.0000         4.0000        69.4321         2.1840         1.8230
       20130826           1900         0.9200         1.0030         1.2990         1.5600         1.5660         1.6870        14.3920         1.3120         1.8850         1.4344         2.5105         5.6570       294.0000        51.3000        20.0000         9.0000        81.4814         2.0890         1.7070
       20130827           1900         1.3530         1.4600         1.8710         2.4220         2.4280         2.5460        25.9860         1.7150         2.3580         1.2050         2.3362         3.1740       315.0000        85.3333        21.0000        15.0000        81.8251         2.3590         1.8590
       20130828           2000         0.9890         1.1160         1.5980         2.0490         2.0590         2.2440        45.9650         0.9600         1.0550         1.1210         1.6731         6.6450       646.0000       334.3571        14.0000        10.0000        93.2285         1.6970         1.4690
       20130829           2100         0.5810         0.6720         1.0670         1.0690         1.0800         1.2870        12.2620         1.6970         2.4740         2.1566         2.5988           -NaN       170.0000        75.0000        12.0000        10.0000        53.1982         3.0210         2.6510
       20130905           1900         0.7120         0.7980         1.1200         1.1800         1.1880         1.3290        14.7510         1.5270         2.0300         1.5930         2.3544         2.2290       303.0000        91.0833        12.0000         9.0000        92.6224         2.4180         1.9160
       20130908           1930         0.8030         0.8940         1.3700         1.6960         1.7070         1.9370         3.9570         2.2520         3.4480         2.0450         2.7762           -NaN        56.0000        26.0000        12.0000         5.0000        26.2814         3.0640         2.5100
       20130909           1800         2.2060         2.2610         2.4350         3.1480         3.1490         3.1820         1.4020         2.1690         3.4620         2.3114      -999.0000           -NaN        55.0000        26.0000         4.0000         1.0000        41.7488         2.9370         2.1780
       20130910           1830         1.0150         1.0660         1.3370         1.6240         1.6290         1.7390         1.0380         1.7870         2.5350         2.2690      -999.0000           -NaN        55.0000        40.5000         2.0000         1.0000        43.8486         2.6070         2.0300
       20130911           2000         0.9340         1.0270         1.3680         1.6020         1.6090         1.7370        24.4060         2.1700         3.0720         1.5877      -999.0000         3.9450       328.0000        99.5556        18.0000        12.0000        87.0574         2.7000         2.1330
       20130927           1700         1.2960         1.3900         1.7180         2.1670         2.1720         2.2680        12.2440         1.4030         1.8030         1.7341         2.4601        10.4980       139.0000        45.2353        17.0000         7.0000        90.8228         1.7080         1.5410
       20130927           2000         1.0470         1.1300         1.4470         1.7830         1.7890         1.9070        25.5570         2.0840         2.6920         1.1243         2.7013        12.2880       197.0000        70.3200        25.0000        17.0000        93.1089         2.2610         1.8510
       20131002           2000         0.6130         0.7120         1.1280         1.1950         1.2070         1.4260        66.9260         0.7410         0.8630         0.9663         1.5506         9.8000       646.0000       238.8889        18.0000        16.0000        93.3608         1.1640         0.9630
       20131003           1630         1.0740         1.1460         1.4350         1.6990         1.7030         1.8040        23.2250         1.1160         1.2760         0.6005         1.8446        18.1240       300.0000        47.5517        29.0000        11.0000        91.0229         1.0310         0.8600
       20131126           1900         0.8430         0.9310         1.2840         1.4250         1.4320         1.5730         7.9310         1.1320         1.3540         2.1258      -999.0000        11.8820       127.0000        31.9412        17.0000         6.0000        88.3459         1.2360         1.1580
       20131219           1900         0.6910         0.7580         1.0600         1.1340         1.1410         1.2910        18.2150         0.6060         0.7670         0.6828         1.4394        14.0400       131.0000        31.4444        36.0000        14.0000        90.8890      -999.0000         0.8880
       20140220           1900         1.1260         1.2190         1.5920         2.0030         2.0090         2.1400        15.0210         1.6000         1.9790         0.8694         2.3505        17.4760       168.0000        34.1923        26.0000         9.0000        91.8962         1.6240         1.2190
       20140312           2004         1.1810         1.2510         1.5400         1.9250         1.9300         2.0260        16.0110         2.2530         2.8510         2.1160         2.6737           -NaN       483.0000       136.1250         8.0000         4.0000        56.6302         2.3240         2.0500
       20140324           1930         2.0050         2.0590         2.2430         2.7620         2.7630         2.7940         0.7320         1.8150         2.6790         1.2467         2.5463         6.3780        49.0000        27.0000         2.0000         1.0000        90.9535         2.2990         1.9700
       20140402           2011         0.9340         1.0290         1.3510         1.5770         1.5840         1.7070        15.3980         0.9580         1.2930         0.8628         2.0455         9.1670       339.0000       104.3333         9.0000         5.0000        88.9315         1.7740         1.6850
       20140413           1700         1.0140         1.0850         1.3740         1.6330         1.6370         1.7440        53.0080         1.5120         1.7920         0.4366         1.9972        19.2080       634.0000       169.1364        22.0000        16.0000        93.3516         1.3750         1.0580
       20140424           1800         0.9370         1.0320         1.4180         1.7480         1.7550         1.9070        12.0460         1.4540         2.2450         1.6156         2.7538        10.9110       519.0000        83.0000        13.0000         8.0000        78.8631         1.8690         1.7050
       20140430           1947         0.7940         0.9030         1.3370         1.5590         1.5700         1.7600        43.8430         2.0530         3.0410         1.6662         2.8206        12.6700       602.0000       121.9524        21.0000        15.0000        76.5085         2.5380         2.1950
       20140501           1928         0.7190         0.8200         1.2390         1.5060         1.5180         1.7380        70.1460         1.5740         2.1430         1.7209         2.6285         7.8770       631.0000       277.5333        15.0000        13.0000        63.1272         2.7120         2.4470
       20140508           2038         0.9760         1.0490         1.3680         1.6450         1.6500         1.7740        22.4590         1.2930         1.8540         0.7597         2.0420         5.6560       616.0000       120.5263        19.0000         9.0000        92.5204         2.3440         2.1510
       20140513           1800         1.2560         1.3400         1.6840         2.2680         2.2730         2.3890        13.8610         2.1090         2.6800         2.1011         2.4903         9.5960       169.0000        63.0667        15.0000        10.0000        87.2424         1.9170         1.5150
       20140522           1935         0.8420         0.9480         1.3480         1.6440         1.6530         1.8310        24.8440         1.3540         2.2250         1.5716         2.1525         4.7420       633.0000       203.7692        13.0000        10.0000        86.7286         2.4360         2.0360
       20140523           1917         0.8740         0.9370         1.1940         1.3280         1.3330         1.4370        32.8380         0.6330         0.7690         0.8037         1.4551         5.1530       604.0000       198.5000        12.0000        10.0000        90.8711         1.3610         1.1370
       20140524           2038         0.9450         1.0320         1.4180         1.7140         1.7210         1.8760        28.4900         0.9820         1.2480         1.1373         1.6379         5.4300       495.0000       113.6316        19.0000        12.0000        93.3675         1.6230         1.3400
       20140527           1942         0.4690         0.5770         1.0580         0.9860         1.0050         1.2930        28.4000         0.3680         0.4170         0.8031         1.0861         3.8690       351.0000        79.8929        28.0000        16.0000        90.8365         0.7610         0.6550
       20140528           1923         0.6130         0.7050         0.9960         0.9790         0.9880         1.1230        14.4310         1.1060         1.8210         1.5178         2.1218         6.8580       296.0000        63.2500        16.0000         9.0000        88.7153         1.7790         1.4400
       20140529           1904         0.7530         0.8490         1.2050         1.3690         1.3790         1.5410         8.8370         0.9660         1.4590         0.9899         2.2265         7.4130       322.0000        57.1429        14.0000         6.0000        82.8700         2.0260         1.6610
       20140531           2007         0.8730         0.9560         1.3080         1.7210         1.7280         1.9040        20.1850         1.2150         1.6840         1.3785         2.2063         3.7850       346.0000       101.7895        19.0000        14.0000        90.8234         1.5060         1.1140
       20140601           1948         1.0380         1.1570         1.5850         2.0570         2.0670         2.2270        45.2270         1.4200         1.7310         1.3593         2.4340        10.4120       307.0000        98.7500        28.0000        20.0000        90.9692         1.6420         1.3050
       20140602           1929         1.2420         1.3260         1.6190         1.9100         1.9140         1.9970        24.7840         1.2170         1.5940         0.9014         1.5619         3.4460       594.0000       132.7059        17.0000        10.0000        90.8832         1.3760         1.0820
       20140603           1911         1.0600         1.1500         1.5250         1.9780         1.9840         2.1290        31.9790         1.4960         1.9920         1.4976         1.4226         9.1150       349.0000        86.7600        25.0000        19.0000        90.6735         1.5980         1.4090
       20140604           2032         0.5630         0.6650         1.1430         1.2320         1.2480         1.5450        58.0060         0.9130         1.2800         1.5065         1.3392         6.2960       574.0000       155.6250        24.0000        18.0000        92.4738         1.9060         1.7840
       20140607           1700         0.8440         0.9240         1.2430         1.4110         1.4170         1.5520        32.5960         1.1720         1.5150         0.6797         1.7597         5.8890       394.0000        70.9286        28.0000        13.0000        92.9599         1.0880         0.9290
       20140608           1917         0.5430         0.6390         1.0130         0.9870         0.9990         1.1990        25.7780         0.8070         0.9940         1.1643         1.5490         5.1840       291.0000        75.3077        26.0000        18.0000        91.0564         0.9740         0.7080
       20140609           2039         0.6770         0.7660         1.1980         1.3900         1.4010         1.6430        69.2860         0.8410         1.1280         1.2053         1.5729         8.8490       639.0000       342.6154        13.0000        10.0000        85.3378         1.4980         1.5150
       20140610           2020         0.9240         1.0480         1.5160         2.0860         2.0990         2.3090        26.5400         1.2470         1.6640         1.9112         2.0091         9.1630       177.0000        67.1111        27.0000        18.0000        91.5721         1.6680         1.5660
       20140614           1900         0.9920         1.0710         1.3880         1.6320         1.6370         1.7540         4.8210         1.1270         1.5160         0.8439         1.9515        14.7480        83.0000        19.6250        16.0000         4.0000        90.2590         1.3830         1.1680
       20140616           2007         0.8220         0.9190         1.3130         1.6330         1.6430         1.8300        16.4720         0.9980         1.2760         0.9292         1.7579        18.0270       132.0000        29.8000        35.0000        10.0000        90.8588         1.3470         1.1740
       20140617           1948         0.7100         0.7880         1.1550         1.3010         1.3100         1.4990        39.5420         0.9180         1.2140         1.1685         1.7037        14.5760       225.0000        70.6842        38.0000        29.0000        90.9334         1.4480         1.2910
       20140618           1930         0.7510         0.8350         1.1750         1.3070         1.3150         1.4730        26.8120         0.9990         1.3730         1.1524         1.5785        11.8760       229.0000        60.2857        35.0000        19.0000        90.1642         1.5110         1.3670
       20140619           1910         1.1460         1.2070         1.4530         1.7290         1.7330         1.8150        19.8460         0.8680         1.1000         0.7329         1.8319         7.9250       285.0000        79.7500        16.0000        10.0000        77.4076         1.4080         1.2850
       20140621           2014         0.9350         1.0190         1.3430         1.5320         1.5380         1.6610        16.6700         0.9030         1.2290         1.9139      -999.0000         7.2720       411.0000        60.0370        27.0000        15.0000        86.1605         1.9770         1.9020
       20140625           2100         1.1740         1.2900         1.7150         2.0070         2.0130         2.1360         6.2660         0.4980         0.6750         1.3740         1.4325         3.3340       114.0000        36.7500        12.0000         5.0000        79.6909         1.4690         1.3540
       20140626           2020         0.5750         0.6530         0.9860         0.9850         0.9940         1.1820        36.7790         0.5490         0.7160         0.8362         1.5109         8.0260       494.0000        80.8621        29.0000        16.0000        89.9102         1.0540         0.9490
       20140627           2001         0.7480         0.8320         1.1960         1.3510         1.3590         1.5300        44.6470         0.5740         0.6970         0.7375         1.7627        13.7320       632.0000       173.0455        22.0000        13.0000        92.8072         1.0390         0.9030
       20140629           1923         0.5180         0.6140         1.0710         1.0520         1.0660         1.3400        45.7940         0.4590         0.5580         1.1555         1.1283         9.6380       306.0000       100.5806        31.0000        20.0000        92.8078         0.9810         0.9120
       20140704           1930         0.5720         0.6260         0.8680         0.8140         0.8200         0.9490         2.2550         0.6890         1.1570         1.2253         2.4875         5.2880       123.0000        28.1667         6.0000         1.0000        92.8361         1.6710         1.3770
       20140712           2020         1.0480         1.1310         1.4750         1.7750         1.7810         1.9040        11.7290         1.1940         1.7000         1.5050         2.2007        14.4200       245.0000        48.6250        16.0000         8.0000        90.1510         2.6490         2.3170
       20140714           1943         1.0770         1.1460         1.4940         1.8140         1.8180         1.9450        10.5880         0.7610         1.1650         1.1642         1.9273           -NaN       277.0000        99.3750         8.0000         7.0000        49.6394         2.2730         1.9550
       20140718           2007         0.8410         0.9240         1.2800         1.5290         1.5370         1.6960        57.2720         0.9580         1.1030         1.0713         1.4429         4.6950       585.0000       191.2778        18.0000        14.0000        92.0875         0.9600         0.7910
       20140719           1949         0.5510         0.6700         1.1580         1.1630         1.1810         1.4330        47.4610         0.4920         0.6170         1.2698         1.5774         3.6540       571.0000       162.2778        18.0000        14.0000        92.9647         1.1960         0.9800
